639310000029
639300000056
639220000083
639190000116
639200000138
639210000237
639900000239
639010000242
639390000262
639310000281
639300000298
639900000322
639200000353
639200000419
639190000430
639110000543
639190000545
639210000561
639200000584
639020000599
639420000630
639490000632
639100000652
639090000681
639390000697
639010000698
639490000710
639090000745
639400000768
639400000774
639010000843
639390000863
639110000882
639020000889
639900000926
639110000931
639420000950
639420000951
639990000965
639910000969
639100000996
639290001006
639490001029
639300001042
639990001103
639020001113
639090001160
639420001188
639400001190
639420001196
639300001203
639310001212
639900001214
639120001249
639000001323
639410001349
639320001353
639210001369
639300001375
639090001386
639220001420
639100001425
639090001427
639120001435
639100001481
639310001529
639310001534
639090001535
639920001574
639110001578
639020001677
639900001695
639190001748
639020001762
639220001806
639100001823
639490001828
639400001894
639100001899
639200001955
639900002037
639900002045
639210002202
639200002233
639410002265
639900002292
639910002357
639110002389
639110002446
639420002447
639990002476
639110002511
639420002631
639420002651
639110002659
639400002720
639110002725
639900002769
639110002810
639390002857
639310002878
639220002885
639990002905
639390002935
639390002968
639310003009
639900003024
639290003061
639190003083
639020003128
639210003133
639200003152
639310003163
639090003206
639990003242
639010003255
639320003309
639190003335
639290003361
639920003368
639020003384
639920003386
639320003389
639400003424
639990003457
639200003458
639920003599
639010003627
639400003635
639990003639
639000003671
639410003676
639300003707
639920003717
639300003730
639110003781
639100003803
639400003870
639990003925
639490004025
639120004079
639290004086
639410004110
639400004151
639310004167
639220004193
639300004215
639010004217
639400004243
639920004244
639000004254
639920004275
639220004307
639210004334
639210004365
639000004371
639420004409
639020004440
639110004465
639290004495
639190004498
639220004515
639000004516
639300004583
639190004601
639020004688
639320004690
639010004697
639910004749
639200004796
639290004930
639310004938
639410004950
639900004954
639190004993
639200005019
639010005076
639200005081
639020005089
639420005130
639090005188
639190005212
639990005214
639110005221
639200005282
639390005286
639490005343
639200005466
639910005489
639310005535
639190005551
639310005711
639320005828
639200005862
639900005863
639920005869
639210005873
639400005890
639020005961
639990005979
639010005981
639320005983
639420006021
639200006074
639990006095
639210006141
639300006152
639320006154
639100006181
639190006193
639210006199
639020006208
639000006248
639490006269
639000006351
639110006354
639400006358
639090006365
639090006403
639490006433
639300006441
639410006511
639400006542
639410006587
639490006593
639300006605
639220006618
639010006651
639910006655
639120006660
639320006673
639020006752
639010006764
639420006800
639990006814
639410006842
639090006891
639110006898
639410006899
639400006996
639120007016
639300007019
639120007031
639010007081
639320007121
639490007151
639900007216
639920007262
639490007271
639420007306
639900007331
639220007341
639990007344
639120007392
639310007422
639300007433
639110007475
639010007483
639290007493
639210007497
639120007504
639900007511
639420007521
639910007554
639320007641
639320007689
639400007713
639320007745
639220007749
639200007819
639000007837
639190007840
639120007843
639420007858
639300007902
639090007912
639000007914
639900007920
639110007933
639120007939
639910007982
639220007992
639310008009
639090008040
639120008050
639400008078
639490008098
639990008140
639010008200
639120008218
639190008259
639920008310
639900008320
639090008356
639200008359
639220008379
639920008383
639900008399
639910008449
639920008472
639210008474
639920008476
639320008501
639020008544
639120008553
639300008565
639020008625
639100008658
639200008700
639410008719
639320008733
639320008734
639200008751
639400008767
639420008788
639220008795
639390008853
639920008859
639090008987
639920009027
639290009075
639100009099
639110009111
639900009115
639300009151
639410009212
639490009264
639000009270
639190009275
639190009308
639320009319
639210009412
639190009454
639220009473
639310009483
639010009599
639490009602
639400009603
639390009614
639200009643
639310009675
639190009719
639320009729
639210009730
639420009731
639120009772
639300009794
639390009801
639320009849
639020009858
639000009863
639190009870
639100009991
639390010010
639910010029
639020010044
639120010054
639900010087
639320010150
639390010160
639010010167
639410010180
639910010210
639390010214
639000010238
639920010240
639210010317
639310010319
639290010345
639920010373
639220010405
639400010415
639000010419
639090010473
639110010496
639900010502
639900010514
639120010530
639110010569
639990010602
639900010713
639320010724
639390010783
639320010796
639490010820
639300010918
639190010955
639020010965
639420011014
639410011045
639990011118
639320011140
639190011203
639210011210
639410011305
639420011308
639020011318
639300011401
639000011402
639000011440
639910011503
639120011524
639110011532
639190011592
639220011623
639910011627
639290011644
639320011666
639090011727
639300011793
639120011812
639110011842
639090011855
639310011862
639420011959
639490011961
639320011985
639920012125
639920012127
639390012131
639290012186
639290012223
639000012234
639100012312
639420012378
639990012381
639300012456
639320012497
639320012506
639190012540
639290012553
639090012555
639410012577
639220012595
639010012604
639310012620
639110012627
639120012629
639920012688
639020012740
639320012813
639910012863
639220012866
639920012947
639110012988
639320013001
639900013046
639310013075
639410013086
639920013098
639910013115
639400013119
639920013126
639010013187
639190013230
639290013237
639310013265
639490013342
639420013419
639920013463
639320013482
639400013499
639110013516
639410013530
639090013551
639420013566
639320013672
639120013698
639200013790
639300013817
639190013845
639210013854
639220013870
639490013918
639100013934
639420013949
639990013982
639400014024
639000014039
639420014132
639110014162
639990014176
639390014201
639210014238
639400014284
639990014301
639220014350
639320014354
639120014417
639290014454
639100014458
639190014499
639410014500
639200014506
639390014525
639390014575
639290014576
639420014578
639300014701
639990014710
639900014722
639990014733
639490014743
639000014798
639220014822
639910014885
639990014904
639200014937
639220014939
639190014944
639400014958
639190014970
639010015000
639420015008
639400015021
639310015092
639410015118
639000015131
639300015155
639090015178
639320015204
639900015264
639490015276
639390015279
639400015291
639490015312
639320015375
639410015395
639420015403
639910015449
639190015454
639010015457
639200015464
639100015520
639300015548
639010015550
639000015574
639200015633
639120015636
639010015691
639220015723
639410015769
639400015770
639400015954
639490015979
639900016006
639300016010
639920016025
639900016062
639320016118
639910016137
639220016159
639400016207
639320016241
639300016287
639410016297
639090016324
639410016333
639120016339
639390016360
639420016376
639310016381
639920016382
639120016411
639090016460
639390016482
639910016485
639490016517
639020016529
639390016559
639390016569
639010016576
639900016600
639910016608
639400016618
639090016627
639100016636
639300016658
639390016662
639290016687
639490016709
639920016711
639120016718
639200016732
639420016768
639900016805
639120016851
639200016862
639300016886
639910016892
639490016934
639400016943
639100016948
639020017041
639090017150
639020017161
639110017165
639390017198
639990017239
639920017284
639120017292
639490017303
639290017320
639210017352
639020017383
639220017384
639090017417
639010017440
639110017453
639220017503
639010017606
639190017661
639920017722
639190017777
639920017798
639910017807
639000017819
639110017845
639220017852
639420017900
639220017930
639320017965
639110017987
639210018054
639090018076
639490018122
639390018132
639410018141
639110018158
639220018227
639310018296
639220018310
639190018318
639010018324
639000018336
639910018348
639390018359
639400018402
639010018432
639900018453
639990018464
639020018518
639310018564
639200018598
639290018602
639300018635
639210018662
639210018663
639490018672
639120018721
639900018746
639190018749
639290018858
639300018872
639310018900
639400018903
639310018907
639920018942
639320018957
639300019041
639120019149
639490019187
639390019210
639220019230
639300019293
639210019309
639290019321
639920019354
639400019358
639200019381
639920019397
639000019430
639290019432
639490019435
639110019485
639910019579
639300019584
639910019598
639010019645
639090019691
639220019698
639000019760
639490019761
639000019787
639310019814
639120019830
639490019868
639310019874
639190019985
639320020032
639420020055
639100020094
639120020127
639900020135
639910020139
639110020153
639910020157
639410020158
639300020174
639490020191
639000020197
639390020208
639920020218
639290020222
639900020333
639290020350
639490020405
639390020443
639100020510
639120020516
639420020593
639210020594
639200020717
639210020722
639310020845
639400020880
639000020910
639220020922
639410020941
639110020971
639120021007
639120021020
639320021028
639920021053
639100021073
639010021083
639990021084
639490021141
639020021146
639190021215
639120021222
639200021226
639990021287
639100021288
639390021300
639210021308
639410021338
639410021376
639110021394
639990021420
639120021454
639290021486
639490021488
639390021523
639300021574
639300021584
639420021673
639920021696
639210021763
639990021779
639990021797
639000021831
639220021834
639110021845
639010021860
639120021886
639290021889
639120021926
639310021936
639410021982
639300022000
639020022080
639190022115
639990022139
639390022191
639310022296
639290022305
639390022309
639010022382
639220022391
639420022466
639400022526
639120022553
639190022572
639120022586
639410022597
639290022601
639900022710
639210022720
639290022726
639100022772
639400022806
639320022836
639290022837
639900022849
639200022852
639420022905
639900022978
639100022983
639920022985
639410023009
639310023038
639210023045
639210023069
639490023090
639220023110
639200023134
639320023145
639120023160
639320023254
639110023257
639310023258
639100023282
639110023289
639300023345
639920023399
639100023426
639920023446
639320023464
639910023479
639290023563
639900023564
639910023578
639020023607
639400023632
639020023647
639320023652
639420023678
639390023712
639410023769
639190023851
639900023852
639310023925
639090023946
639420023989
639210024001
639290024015
639990024052
639100024073
639120024082
639200024107
639310024143
639920024216
639400024234
639290024252
639290024334
639020024368
639190024394
639100024396
639020024415
639220024426
639190024558
639900024566
639920024583
639920024585
639390024792
639190024913
639120024949
639310024973
639220024974
639020024999
639220030006
639200030033
639400030036
639400030084
639320030088
639320030110
639000030136
639290030149
639900030167
639310030174
639100030243
639210030245
639990030296
639310030394
639290030521
639910030548
639490030567
639290030618
639410030630
639290030649
639100030657
639120030691
639290030739
639120030782
639210030836
639000030870
639000030879
639310030996
639020031027
639300031035
639410031090
639420031115
639110031312
639020031325
639000031342
639290031350
639000031352
639390031375
639220031376
639220031380
639490031382
639410031400
639090031436
639420031461
639990031482
639210031558
639920031607
639010031608
639900031657
639200031700
639400031721
639200031756
639490031914
639310032097
639120032134
639020032148
639290032164
639300032194
639010032244
639490032271
639090032283
639310032333
639010032334
639320032344
639190032352
639120032359
639090032397
639390032458
639000032460
639010032492
639410032496
639110032519
639410032557
639290032607
639390032700
639910032724
639010032727
639300032778
639910032796
639410032799
639290032805
639900032836
639200032849
639400032855
639410032856
639110032869
639220032891
639400032905
639390032914
639400032928
639200032955
639220032993
639110033007
639900033019
639310033021
639110033066
639390033082
639090033085
639910033090
639090033148
639390033239
639300033272
639410033284
639000033290
639120033346
639490033353
639020033384
639020033470
639390033570
639320033639
639300033649
639910033705
639420033722
639410033727
639020033778
639490033806
639910033821
639120033839
639400033851
639100033864
639190033868
639090033890
639210033906
639420033985
639110034000
639400034001
639090034096
639310034112
639090034117
639110034138
639190034219
639190034221
639090034229
639090034319
639220034381
639420034409
639920034445
639300034459
639010034471
639410034473
639320034481
639000034532
639120034604
639090034640
639010034664
639220034686
639910034703
639120034732
639310034801
639420034806
639010034810
639200034815
639010034852
639300034877
639900034893
639400034924
639400030087
639900030113
639110030115
639320030126
639010030132
639310030148
639910030155
639110030167
639390030184
639490030191
639110030213
639490030237
639190030250
639400030271
639290030302
639400030409
639910030464
639110030475
639090030487
639900030509
639310030554
639110030555
639390030590
639020030606
639010030618
639310030686
639010030691
639920030697
639020030732
639190030733
639910030737
639900030839
639010030849
639010030859
639390030862
639400030919
639000031083
639190031085
639200031098
639220031128
639490031207
639220031227
639420031258
639120031283
639910031317
639110031395
639920031415
639100031442
639290031486
639000031492
639200031494
639020031522
639120031598
639320031711
639120031714
639020031781
639420031800
639300031812
639010031825
639200031852
639410031889
639120031904
639000031922
639300031937
639420032025
639920032085
639390032127
639990032137
639900032142
639010032162
639400032186
639910032187
639920032195
639990032210
639320032221
639110032304
639900032336
639190032344
639390032371
639390032413
639920032458
639090032497
639900032559
639420032570
639190032577
639420032583
639490032616
639100032618
639190032639
639320032655
639220032670
639920032683
639300032684
639320032782
639020032788
639420032796
639110032810
639090032832
639290032839
639310032850
639990032874
639420032875
639400032902
639990032935
639910032998
639200033045
639110033052
639090033084
639410033094
639920033099
639910033162
639020033182
639310033206
639300033264
639420033306
639390033356
639400033364
639390033411
639090033420
639990033461
639210033471
639320033516
639990033532
639390033543
639000033629
639420033683
639100033715
639300033732
639110033733
639990033744
639020033763
639390033771
639990033777
639400033816
639010033860
639210033880
639190033919
639210034013
639420034015
639390034017
639320034076
639200034128
639910034177
639310034272
639910034328
639420034366
639910034377
639390034396
639190034459
639410034462
639490034487
639300034546
639320034668
639920034682
639210034839
639100034840
639210034881
639390034909
639490034962
639420034986
639020035026
639990035074
639220035158
639900035165
639420035166
639320035174
639000035183
639490035196
639300035253
639410035257
639420035273
639120035275
639400035346
639000035351
639390035407
639000035408
639910035474
639210035499
639310035548
639010035552
639000035576
639190035617
639310035620
639300035665
639390035671
639300035675
639420035687
639220035755
639200035773
639910035808
639320035813
639990035828
639490035861
639320035881
639210035890
639220035910
639990035932
639220035934
639120035946
639110035958
639920035994
639920036051
639210036062
639120036084
639400036086
639200036104
639490036125
639490036152
639220036168
639900036174
639320036177
639110036196
639190036199
639210036223
639020036233
639300036298
639200036318
639900036323
639920036327
639120036430
639190036543
639410036552
639300036558
639410036577
639190036616
639920036664
639190036666
639210036697
639020036794
639490036808
639220036810
639920036862
639000036873
639320036877
639410036905
639120036917
639290036955
639910036973
639190037009
639490037010
639390037090
639020037119
639290037161
639300037210
639290037243
639320037307
639290037320
639400037326
639400037327
639410037390
639300037407
639920037408
639300037441
639920037505
639020037538
639300037564
639020037591
639020037643
639190037646
639190037695
639400037793
639190037797
639190037831
639090037841
639110037854
639920037859
639900037886
639990037887
639320037962
639090038005
639120038040
639420038095
639910038104
639120038118
639220038179
639920038236
639020038267
639210038278
639410038327
639410038329
639300038389
639410038431
639490038449
639990038529
639310038579
639110038715
639100038721
639310038741
639020038794
639090038827
639410038838
639990038851
639910039010
639110039034
639990039053
639300039103
639310039105
639110039134
639010039167
639310039184
639220039227
639100039236
639290039248
639190039267
639090039269
639290039307
639320039309
639490039392
639920039404
639300039418
639400039436
639320039479
639100039522
639900039593
639220039594
639010039624
639110039632
639290039707
639490039782
639300039807
639310039811
639910039824
639090039856
639200039874
639990039875
639410039894
639490039898
639310039926
639410040033
639220040040
639320040106
639220040122
639110040172
639420040181
639420040209
639320040360
639420040384
639090040415
639920040420
639310040431
639320040437
639310040480
639220040497
639010040499
639200040500
639210040599
639990040672
639110040703
639020040755
639110040795
639000040803
639990040843
639210040896
639290040898
639400040904
639120040918
639090040921
639990040925
639100040989
639110041022
639420041033
639120041036
639410041041
639390041072
639390041100
639900041234
639110041272
639900041273
639100041296
639900041304
639320041346
639000041359
639920041370
639910041432
639410041453
639390041492
639410041537
639300041585
639000041662
639200041687
639920041708
639490041711
639220041727
639910041735
639000041753
639120041757
639200041768
639900041874
639920041898
639020041947
639010041980
639200041990
639220042001
639100042039
639210042082
639410042088
639090042165
639000042202
639000042203
639020042210
639200042214
639020042259
639410042328
639410042559
639220042563
639420042620
639390042623
639100042700
639190042718
639900042738
639210042740
639390042760
639200042762
639310042768
639200042796
639220042808
639210042859
639120042885
639200042931
639490042942
639110042944
639310042958
639220042967
639220043000
639900043002
639010043052
639300043142
639390043156
639090043174
639010043210
639000043248
639390043273
639020043321
639010043326
639120043344
639110043378
639090043382
639220043421
639090043433
639320043459
639090043466
639490043470
639310043489
639410043519
639110043559
639410043560
639000043580
639090043588
639100043633
639110043635
639020043677
639020043745
639300043830
639090043926
639000043943
639110044055
639100044124
639420044172
639910044241
639910044255
639290044288
639390044372
639100044375
639310044408
639390044487
639400044496
639900044511
639490044530
639010044545
639000044547
639310044722
639390044755
639010044774
639220044793
639100044837
639000044889
639310044899
639010044946
639990044948
639420044960
639200044978
639310044992
639010045017
639000045049
639000045091
639300045113
639220045115
639490045162
639010045184
639900045190
639900045192
639000045193
639220045203
639120045262
639120045283
639910045310
639120045331
639320045348
639910045386
639310045391
639090045469
639300045520
639200045532
639190045543
639010045562
639990045589
639110045590
639200045594
639320045633
639920045642
639300045678
639220045685
639990045728
639420045747
639420045761
639920045795
639100045834
639310045840
639290045853
639190045868
639110045933
639210045984
639390045994
639290046005
639390046007
639490046074
639120046075
639000046079
639990046107
639220046110
639120046120
639910046122
639300046124
639090046125
639200046179
639220046186
639410046214
639310046256
639020046259
639420046266
639310046296
639990046301
639310046393
639910046404
639020046426
639190046479
639300046518
639300046552
639310046558
639910046623
639200046667
639020046750
639300046766
639400046787
639900046798
639090046844
639190046848
639920046864
639920046879
639300046908
639300046945
639300046989
639310047001
639320047027
639300047050
639000047074
639190047076
639020047097
639190047112
639220047116
639110047131
639990047159
639000047172
639990047177
639990047188
639210047197
639100047276
639020047283
639910047295
639100047343
639300047386
639410047410
639000047457
639400047492
639220047538
639320047544
639020047567
639200047595
639390047613
639220047631
639290047706
639420047728
639120047755
639020047762
639900047778
639420047780
639210047797
639300047807
639000047812
639090047854
639310047898
639990047914
639300047943
639390047966
639210047982
639190048013
639200048037
639990048147
639110048184
639390048207
639110048254
639100048258
639900048279
639400048288
639210048327
639210048363
639220048435
639320048465
639110048491
639390048553
639900048559
639210048565
639490048597
639390048704
639010048793
639910048827
639290048923
639100048955
639090048971
639110049011
639190049020
639010049065
639200049095
639320049164
639000049166
639420049179
639110049194
639420049222
639320049236
639220049259
639400049290
639210049296
639210049348
639420049413
639910049493
639420049508
639190049525
639020049560
639300049594
639000049602
639320049620
639110049625
639320049651
639390049663
639190049694
639120049696
639490049749
639410049757
639400049776
639400049791
639100049811
639410049872
639100049885
639300049897
639900049900
639110049927
639300049978
639210050100
639420050118
639290050178
639400050181
639920050242
639420050257
639900050258
639210050280
639100050314
639300050316
639420050368
639220050402
639300050437
639320050504
639310050534
639110050535
639410050568
639020050572
639900050574
639200050590
639020050617
639310050642
639910050646
639400050697
639910050730
639100050774
639210050777
639920050785
639010050794
639220050869
639000050913
639220050938
639000051003
639120051032
639490051047
639300051064
639310051091
639190051107
639210051139
639400051147
639400051194
639410051234
639220051242
639190051285
639320051345
639010051438
639320051548
639920051567
639920051582
639490051608
639420051638
639410051709
639200051719
639910051724
639300051734
639990051775
639190051817
639020051824
639400051829
639220051841
639900051870
639210051896
639910051969
639290051972
639490051980
639120051981
639110052001
639220052040
639110052072
639320052099
639910052149
639900052155
639990052169
639010052222
639300052224
639220052264
639990052272
639320052312
639090052320
639300052344
639390052448
639410052472
639290052560
639010052587
639220052665
639090052750
639200052799
639400052884
639300052969
639920053035
639210053055
639090053057
639420053076
639920053079
639000053081
639010053133
639090053186
639110053238
639190053265
639920053283
639910053308
639090053320
639310053328
639420053358
639220053363
639000053411
639100053422
639000053446
639100053448
639110053581
639220053603
639010053606
639110053630
639120053636
639110053643
639100053655
639190053685
639120053696
639920053707
639410053723
639920053724
639200053730
639010053787
639100053814
639210053843
639310053853
639090053874
639920053996
639390054004
639210054009
639190054045
639310054083
639910054179
639490054210
639190054286
639090054362
639320054466
639420054540
639900054601
639110054711
639920054832
639190054878
639200054884
639410054887
639090054895
639910054904
639100054926
639310054947
639090054952
639490055012
639310055045
639900055073
639010055084
639220055114
639320055150
639200055156
639900055157
639290055202
639300055211
639100055227
639200055247
639010055259
639490055278
639390055295
639400055307
639020055311
639310055416
639920055465
639420055518
639120055534
639020055553
639200055626
639090055630
639490055668
639090055716
639010055755
639200055760
639110055855
639120055858
639320055884
639010055915
639420055941
639320055948
639310055972
639090055974
639920055988
639210055993
639010056029
639900056058
639190056071
639320056112
639400056117
639410056159
639290056171
639910056179
639290056218
639000056255
639120056272
639910056289
639390056374
639120056395
639990056438
639220056457
639300056476
639410056488
639190056559
639020056607
639420056618
639010056703
639200056718
639190056753
639010056802
639220056814
639410056894
639320056925
639010056939
639900056952
639090056954
639390056962
639320056967
639110056973
639420057027
639910057041
639210057085
639220057090
639490057097
639400057138
639110057182
639900057268
639310057310
639990057337
639300057406
639120057419
639190057464
639900057465
639120057476
639100057571
639420057590
639910057594
639400057618
639090057619
639120057625
639210057631
639410057672
639320057758
639020057775
639200057778
639310057806
639410057837
639190057869
639210057908
639090057909
639390057913
639490057925
639090057928
639390057958
639190057967
639900057991
639920058001
639300058048
639100058051
639290058077
639320058087
639290058098
639990058113
639290058123
639100058136
639290058137
639910058142
639090058184
639010058197
639100058199
639990058211
639290058232
639220058255
639190058271
639920058282
639120058294
639490058315
639200058327
639900058331
639400058431
639010058534
639120058535
639300058626
639390058629
639000058632
639220058658
639010058668
639120058691
639110058701
639420058714
639100058717
639300058720
639090058746
639410058772
639190058851
639390058894
639120058895
639390058938
639120058943
639000058946
639190058967
639120058972
639100059021
639400059035
639100059061
639000059069
639990059142
639110059172
639920059206
639020059233
639990059301
639410059339
639390059347
639190059359
639420059379
639020059391
639400059410
639990059482
639100059530
639090059538
639200059581
639490059607
639010059613
639210059644
639490059680
639110059716
639920059722
639910059731
639000059797
639920059881
639310059903
639300059972
639120060001
639990060002
639110060021
639990060025
639300060040
639390060088
639400060089
639320060136
639000060144
639120060201
639210060208
639390060231
639210060260
639390060268
639290060288
639390060310
639300060313
639420060337
639920060476
639300060516
639210060546
639490060554
639000060592
639220060605
639900060685
639120060701
639090060702
639990060725
639420060862
639390060869
639300060875
639400060932
639220060949
639390060975
639020060982
639920061041
639200061078
639220061119
639400061160
639200061166
639410061181
639110061196
639220061223
639290061313
639200061362
639020061429
639110061469
639110061474
639390061482
639210061485
639010061501
639090061569
639990061572
639110061576
639310061634
639310061700
639100061758
639300061793
639220061814
639990061826
639020061832
639010061847
639090061855
639110061878
639200061915
639100061943
639390061956
639290061958
639110061960
639910061971
639200062014
639410062042
639000062129
639990062145
639020062167
639910062168
639290062169
639410062175
639220062211
639310062326
639920062341
639900062362
639000062444
639410062451
639420062452
639200062501
639920062508
639400062553
639120062562
639110062580
639200062646
639010062667
639390062668
639010062680
639210062707
639110062735
639990062739
639000062767
639210062842
639410062872
639110062885
639020062929
639110062931
639990062978
639110063014
639090063016
639000063051
639310063057
639900063117
639910063134
639490063168
639420063189
639990063225
639320063282
639210063306
639100063321
639310063325
639190063374
639390063376
639210063413
639190063483
639290063486
639410063542
639210063551
639300063574
639320063621
639100063640
639420063663
639290063668
639400063670
639910063672
639910063813
639920063841
639320063902
639220063973
639920063985
639990063996
639400064025
639120064027
639110064044
639320064061
639000064085
639320064121
639010064137
639310064186
639420064251
639000064257
639200064342
639920064343
639400064376
639000064423
639390064448
639090064451
639220064472
639090064501
639490064687
639000064698
639120064760
639200064781
639190064823
639220064827
639110064859
639420064899
639410064901
639300064957
639220064972
639200064979
639910064999
639310065009
639900065043
639200065067
639210065075
639910065130
639090065159
639490065167
639120065168
639900065229
639410065252
639990065274
639390065288
639900065304
639920065359
639320065379
639490065391
639900065409
639910065423
639310065440
639390065470
639290065509
639020065576
639900065685
639990065712
639100065721
639020065779
639010065804
639400065833
639210065838
639110065876
639910065916
639420065920
639000065955
639420065982
639900065999
639220066003
639910066021
639290066029
639490066071
639290066087
639420066091
639020066107
639210066114
639400066129
639300066131
639000066162
639300066169
639220066211
639420066213
639100066250
639320066266
639020066420
639010066455
639420066457
639200066507
639110066510
639120066542
639190066567
639400066617
639200066740
639990066762
639220066772
639000066821
639310066839
639220066892
639100066909
639300066972
639420067001
639390067003
639120067032
639920067241
639320067258
639200067295
639290067325
639220067357
639220067365
639990067387
639110067422
639220067429
639220067431
639990067438
639210067510
639220067564
639000067628
639100067642
639920067688
639210067699
639490067708
639900067709
639190067730
639920067737
639100067749
639400067757
639420067781
639990067823
639990067826
639920067866
639900067877
639190067890
639410067924
639210067963
639090067978
639390067981
639000068022
639390068047
639990068050
639490068075
639910068076
639110068087
639000068175
639310068212
639110068259
639300068265
639410068281
639490068410
639090068463
639020068489
639120068502
639920068511
639420068512
639010068581
639010068591
639320068623
639300068650
639100068700
639420068726
639110068750
639490068782
639490068834
639390068869
639310068873
639410068897
639010068907
639320068940
639090068948
639410068975
639300069024
639310069026
639420069059
639190069067
639290069136
639020069174
639400069218
639300069229
639420069247
639290069303
639120069361
639290069416
639190069422
639020069495
639090069506
639110069522
639220069551
639990069571
639910069574
639000069618
639410069645
639490069670
639300069678
639920069681
639090069771
639100069801
639300069808
639900069817
639010069933
639400069977
639420069981
639420070006
639290070022
639990070035
639020070049
639920070077
639220070118
639190070126
639490070133
639410070194
639000070209
639110070233
639320070244
639020070249
639900070312
639210070336
639390070352
639900070376
639220070484
639310070486
639910070533
639210070551
639200070602
639110070627
639920070712
639900070714
639410070732
639210070758
639900070780
639120070784
639990070795
639090070819
639420070831
639920070839
639190070850
639420070856
639110070896
639290070897
639310070899
639490070973
639090070980
639010070983
639110071011
639420071024
639220071054
639290071066
639290071097
639410071202
639120071249
639010071251
639290071335
639220071345
639990071351
639320071365
639490071409
639120071411
639290071413
639900071444
639090071482
639010071531
639290071555
639400071579
639410071613
639300071617
639090071618
639090071672
639120071738
639110071756
639200071818
639120071861
639310071868
639000071881
639320071896
639010071906
639020071929
639420071977
639920072003
639290072011
639490072074
639200072094
639310072110
639290072139
639000072164
639120072305
639200072355
639210072358
639210072366
639920072413
639120072450
639200072529
639190072570
639110072582
639100072584
639390072595
639310072624
639210072646
639020072650
639020072682
639020072685
639110072706
639020072712
639110072722
639400072725
639200072728
639400072741
639910072858
639990072949
639010072952
639200072972
639000072977
639000073015
639000073021
639000073031
639010073071
639910073080
639490073081
639300073113
639190073138
639400073147
639090073158
639120073166
639190073179
639190073180
639090073249
639020073257
639400073273
639120073314
639090073335
639010073396
639110073408
639990073418
639310073424
639020073438
639420073473
639090073489
639290073523
639110073524
639110073536
639410073554
639210073572
639910073581
639020073587
639200073638
639390073667
639020073701
639200073750
639990073759
639000073783
639110073824
639390073837
639010073871
639100073894
639220073900
639300073985
639300073991
639920074009
639210074110
639290074152
639310074175
639010074232
639320074271
639900074299
639920074323
639010074329
639100074354
639210074397
639900074413
639000074439
639920074458
639190074461
639400074576
639490074625
639010074638
639010074660
639490074671
639390074689
639910074709
639100074711
639920074718
639120074731
639210074734
639010074775
639200074779
639210074795
639220074823
639990074873
639490074880
639290074887
639310074922
639420074955
639420074964
639990074970
639000074988
639490075004
639190075050
639410075059
639000075090
639290075132
639090075189
639290075325
639410075350
639400075414
639190075436
639920075464
639900075527
639290075529
639420075538
639020075555
639920075598
639390075697
639100075702
639490075753
639200075758
639910075769
639290075789
639010075796
639000075840
639320075847
639020075917
639100075951
639990075956
639300075966
639310075978
639920075986
639100075996
639110076030
639210076141
639220076148
639000076174
639910076235
639920076238
639200076271
639210076292
639110076311
639210076369
639120076371
639900076450
639020076459
639120076526
639410076583
639020076617
639220076668
639220076699
639320076757
639300076763
639120076815
639120076881
639110076887
639020076908
639310076936
639900077066
639310077076
639310077095
639410077141
639220077146
639420077196
639010077211
639110077224
639290077238
639290077244
639110077354
639200077359
639400077372
639910077414
639100077450
639110077452
639210077496
639110077501
639090077538
639110077541
639190077555
639200077580
639910077623
639110077642
639090077670
639120077689
639220077713
639490077726
639100077730
639400077735
639920077747
639020077795
639220077807
639400077819
639490077821
639000077889
639290077920
639210078015
639420078031
639000078059
639300078105
639100078114
639390078119
639900078127
639400078164
639210078175
639490078176
639390078177
639410078199
639300078226
639400078238
639100078243
639390078256
639990078274
639210078278
639220078297
639190078301
639910078340
639020078341
639220078478
639410078563
639220078570
639220078589
639490078598
639220078636
639990078655
639420078668
639020078712
639320078725
639200078739
639910078791
639000078901
639300078904
639910078923
639310078962
639400078971
639200078990
639910079069
639300079100
639090079132
639300079149
639300079151
639310079174
639190079177
639410079215
639090079228
639120079255
639910079272
639310079310
639920079313
639900079353
639010079368
639200079387
639090079395
639020079423
639410079454
639100079461
639410079463
639220079538
639300079565
639200079572
639900079588
639910079615
639410079618
639100079675
639910079684
639900079733
639220079756
639320079796
639310079948
639410079989
639300080028
639420080034
639290080047
639010080057
639290080077
639990080091
639190080140
639220080150
639910080152
639020080177
639310080209
639200080225
639310080288
639320080312
639290080342
639300080367
639020080427
639000080462
639100080485
639320080492
639390080508
639020080510
639300080567
639110080637
639120080655
639120080688
639110080702
639190080731
639120080794
639110080821
639020080882
639220080887
639090080909
639910080949
639190080971
639000080981
639120081022
639010081062
639310081075
639310081085
639920081098
639400081110
639100081139
639300081140
639190081158
639920081234
639410081245
639910081408
639900081420
639320081424
639090081467
639090081537
639090081541
639390081548
639390081610
639990081618
639900081632
639220081650
639110081704
639300081757
639410081766
639920081819
639190081875
639300081926
639490081927
639390081943
639290081960
639310081988
639310082042
639200082044
639210082047
639900082066
639900082069
639090082108
639210082109
639010082128
639110082162
639400082189
639920082217
639100082251
639220082341
639320082377
639390082397
639400082451
639900082482
639310082504
639200082505
639210082524
639300082561
639910082562
639300082613
639320082633
639200082661
639400082730
639200082736
639310082754
639190082820
639210082859
639110082898
639390082908
639120082929
639200082970
639210082982
639900083015
639100083024
639210083034
639320083076
639190083140
639000083143
639310083147
639900083157
639120083246
639400083372
639320083389
639420083459
639310083491
639490083505
639900083518
639290083521
639000083524
639120083570
639910083593
639300083609
639210083665
639000083677
639090083758
639000083782
639420083823
639910083846
639000083849
639220083879
639390083889
639300083917
639190083941
639110083968
639390083979
639320083996
639310083998
639190084036
639310084040
639010084051
639390084064
639020084103
639090084105
639010084126
639200084137
639410084190
639220084196
639310084203
639300084223
639120084241
639390084260
639420084344
639410084357
639200084422
639210084464
639400084470
639190084515
639910084552
639400084573
639010084584
639910084589
639400084594
639020084616
639100084619
639110084654
639490084683
639910084695
639100084710
639410084724
639190084733
639120084818
639000084836
639420084890
639920084915
639000084947
639120085023
639300085030
639410085036
639090085063
639120085130
639320085139
639100085148
639020085160
639110085169
639000085215
639200085220
639300085237
639110085239
639920085247
639010085345
639400085356
639290085365
639310085406
639400085415
639920085445
639020085450
639420085481
639400085510
639390085581
639400085594
639200085659
639300085677
639490085690
639110085699
639220085702
639300085712
639320085718
639410085756
639010085765
639210085780
639290085825
639290085852
639420085901
639310085996
639320086022
639400086060
639990086085
639410086126
639490086152
639000086158
639300086220
639390086265
639100086278
639020086311
639110086347
639210086382
639010086405
639910086459
639010086472
639320086528
639110086552
639200086587
639020086593
639110086617
639220086628
639390086675
639220086703
639290086724
639090086772
639210086782
639990086815
639410086847
639920086854
639100086877
639400086954
639020086985
639900087000
639420087079
639090087126
639290087139
639210087185
639100087186
639300087194
639320087257
639490087279
639400087285
639020087292
639000087317
639190087357
639210087400
639910087402
639990087431
639310087453
639210087461
639220087462
639090087483
639190087491
639400087492
639300087514
639320087592
639190087631
639900087635
639920087718
639320087739
639220087789
639990087809
639400087876
639400087928
639020087935
639220087936
639490087940
639300087986
639920087999
639910088044
639310088066
639120088102
639920088116
639010088129
639090088146
639120088154
639020088181
639020088182
639900088196
639310088197
639420088266
639200088316
639320088328
639310088330
639400088365
639190088373
639120088419
639220088426
639400088485
639400088547
639120088550
639090088576
639420088600
639000088606
639410088630
639020088660
639410088661
639390088695
639310088737
639990088891
639100088966
639420088979
639290089040
639910089053
639410089072
639210089088
639400089089
639900089113
639010089128
639000089174
639900089187
639010089196
639220089238
639420089306
639900089312
639990089317
639190089389
639220089396
639420089407
639310089476
639200089516
639200089620
639020089634
639220089717
639000089794
639420089802
639400089812
639420089852
639410089901
639420089922
639300089946
639910089950
639200089961
639090089967
639490089980
639920090024
639390090037
639920090050
639920090067
639920090166
639990090213
639300090240
639120090253
639010090279
639220090349
639200090373
639920090387
639190090403
639000090413
639100090425
639990090438
639090090472
639210090484
639190090488
639090090507
639320090562
639000090568
639990090601
639900090626
639200090634
639220090643
639390090719
639000090802
639910090806
639490090814
639220090851
639220090895
639910090947
639090090960
639200090976
639390090983
639420091001
639090091009
639920091066
639000091079
639900091120
639010091150
639410091155
639920091215
639120091221
639410091243
639090091303
639020091321
639200091341
639920091344
639910091377
639390091389
639210091401
639200091455
639990091474
639410091540
639010091550
639990091553
639490091586
639310091611
639390091698
639320091702
639000091704
639300091736
639320091771
639110091775
639920091793
639110091850
639910091858
639190091925
639190091930
639120091939
639220091946
639310091954
639910091964
639310092062
639420092126
639220092127
639220092207
639090092236
639200092274
639990092303
639410092320
639420092380
639320092454
639920092507
639320092553
639000092555
639120092577
639290092676
639020092680
639200092683
639390092701
639410092737
639200092785
639020092796
639400092833
639090092869
639910092876
639900092915
639020092923
639910092988
639100092997
639310093014
639210093016
639110093034
639100093072
639420093129
639900093133
639990093155
639190093220
639390093262
639310093305
639900093349
639920093416
639390093511
639210093512
639020093545
639200093578
639990093579
639110093607
639900093638
639400093654
639420093681
639920093691
639010093721
639310093728
639220093747
639920093772
639900093784
639990093803
639120093804
639010093808
639200093811
639900093835
639010093844
639410093849
639310093922
639210093938
639310093941
639310093974
639910093980
639220093982
639310094058
639290094107
639090094119
639000094175
639900094193
639090094250
639200094257
639110094278
639020094295
639410094310
639200094359
639910094365
639900094398
639290094413
639300094415
639290094581
639490094587
639100094657
639400094746
639190094756
639110094773
639000094786
639220094854
639210094876
639910094881
639220094963
639090094998
639400095011
639210095062
639300095065
639400095078
639090095112
639090095213
639210095331
639100095336
639990095341
639200095366
639490095390
639920095454
639220095460
639420095484
639390095488
639190095520
639300095561
639290095572
639120095617
639390095674
639210095688
639010095694
639910095711
639090095722
639410095733
639320095743
639410095767
639010095794
639020095817
639410095862
639010095880
639990095929
639200095935
639400095955
639310096016
639090096022
639390096042
639190096066
639290096095
639390096102
639020096103
639010096162
639220096168
639110096187
639400096215
639400096216
639000096246
639410096252
639300096253
639200096275
639900096312
639200096347
639900096399
639320096401
639100096402
639110096407
639410096416
639910096485
639410096509
639000096516
639990096523
639120096536
639490096544
639300096561
639020096565
639010096615
639310096635
639290096639
639410096650
639900096687
639390096726
639220096731
639990096752
639010096797
639990096805
639300096841
639010096876
639410096910
639020096919
639920096937
639420097017
639210097036
639300097037
639420097064
639410097073
639490097091
639900097118
639200097123
639390097254
639000097276
639090097325
639320097326
639020097328
639310097421
639110097457
639920097490
639090097513
639920097524
639320097555
639010097580
639290097600
639310097625
639390097648
639420097653
639900097658
639220097667
639490097706
639400097730
639910097771
639220097772
639400097784
639310097810
639910097851
639420097912
639400097920
639020098039
639210098062
639900098074
639100098077
639090098087
639000098101
639120098131
639020098144
639420098154
639290098182
639120098212
639300098231
639910098239
639420098250
639220098263
639490098313
639200098347
639200098350
639410098447
639290098457
639190098473
639990098496
639100098512
639490098519
639920098544
639410098551
639990098554
639200098573
639110098674
639390098710
639100098806
639400098809
639120098830
639110098843
639100098862
639010098939
639200098948
639110099014
639220099030
639320099036
639400099044
639100099134
639920099138
639120099216
639210099233
639910099268
639420099305
639390099338
639190099381
639400099389
639220099400
639420099453
639020099461
639120099485
639290099492
639410099566
639990099573
639120099586
639300099589
639310099609
639110099659
639110099679
639910099686
639390099693
639320099707
639210099726
639420099768
639110099826
639100099842
639920099942
639300099944
639110099954
639320099970